1.000000
0.00100005 0.0
0.00100001 0.0
0.00100402 0.0
0.00105628 0.0
0.00100358 0.0
0.00102632 0.0
0.0010027 0.0
0.998281 1.0
0.00107957 0.0
0.999 1.0
0.00137252 0.0
0.00214844 0.0
0.0013216 0.0
0.00100083 0.0
0.999 1.0
0.00100034 0.0
0.00107678 0.0
0.781174 1.0
0.00110578 0.0
0.00100037 0.0
0.00100002 0.0
0.00100068 0.0
0.999 1.0
0.00100006 0.0
0.00101423 0.0
0.00100384 0.0
0.00100061 0.0
0.999 1.0
0.00100603 0.0
0.00100138 0.0
0.97242 1.0
0.999 1.0
0.00100751 0.0
0.999 1.0
0.00203855 0.0
0.00105827 0.0
0.999 1.0
0.992527 1.0
0.999 1.0
0.00100122 0.0
0.001 0.0
0.00100246 0.0
0.001 0.0
0.998991 1.0
0.999 1.0
0.001 0.0
0.999 1.0
0.0010639 0.0
0.998999 1.0
0.999 1.0
0.00100066 0.0
0.00102262 0.0
0.00100038 0.0
0.0010105 0.0
0.999 1.0
0.00100038 0.0
0.00100057 0.0
0.999 1.0
0.00110015 0.0
0.998735 1.0
0.00100588 0.0
0.00109911 0.0
0.999 1.0
0.999 1.0
0.00100605 0.0
0.00100098 0.0
0.999 1.0
0.00103133 0.0
0.999 1.0
0.00100967 0.0
0.00100117 0.0
0.00100188 0.0
0.0010119 0.0
0.001172 0.0
0.998997 1.0
0.999 1.0
0.0010032 0.0
0.999 1.0
0.00460224 0.0
0.00105571 0.0
0.999 1.0
0.00100075 0.0
0.00100709 0.0
0.00100157 0.0
0.00100002 0.0
0.00105525 0.0
0.00132664 0.0
0.00100034 0.0
0.999 1.0
0.999 1.0
0.0014954 0.0
0.00115186 0.0
0.00100004 0.0
0.00100466 0.0
0.0010028 0.0
0.999 1.0
0.358333 0.0
0.00100336 0.0
0.00100789 0.0
0.00101591 0.0
0.00107096 0.0
0.00116509 0.0
0.00100006 0.0
0.999 1.0
0.00100059 0.0
0.0010029 0.0
0.998757 1.0
0.417662 0.0
0.999 1.0
0.999 1.0
0.00100671 0.0
0.00100651 0.0
0.999 1.0
0.00100001 0.0
0.00100202 0.0
0.00102211 0.0
0.999 1.0
0.00100018 0.0
0.999 1.0
0.00100051 0.0
0.999 1.0
0.00100286 0.0
0.00100001 0.0
0.00100023 0.0
0.00101455 0.0
0.00100593 0.0
0.00176584 0.0
0.998203 1.0
0.00100355 0.0
0.00100692 0.0
0.00127494 0.0
0.998999 1.0
0.00105518 0.0
0.00100399 0.0
0.999 1.0
0.00100037 0.0
0.00100959 0.0
0.0013216 0.0
0.00100001 0.0
0.999 1.0
0.0071284 0.0
0.00100004 0.0
0.00100568 0.0
0.999 1.0
0.998999 1.0
0.999 1.0
0.999 1.0
0.00102033 0.0
0.0013097 0.0
0.00106942 0.0
0.00100001 0.0
0.00111789 0.0
0.0010003 0.0
0.00103373 0.0
0.0449427 0.0
0.999 1.0
0.999 1.0
0.00100148 0.0
0.999 1.0
0.00130409 0.0
0.00101125 0.0
0.00105863 0.0
0.00100897 0.0
0.00100291 0.0
0.00140976 0.0
0.999 1.0
0.00100558 0.0
0.0010008 0.0
0.0012692 0.0
0.999 1.0
0.998353 1.0
0.999 1.0
0.00102095 0.0
0.999 1.0
0.00101019 0.0
0.001 0.0
0.00105631 0.0
0.00100629 0.0
0.00106399 0.0
0.999 1.0
0.00100183 0.0
0.998982 1.0
0.00100164 0.0
0.00100553 0.0
0.999 1.0
0.999 1.0
0.00100106 0.0
0.00102702 0.0
0.999 1.0
0.999 1.0
0.00106705 0.0
0.999 1.0
0.999 1.0
0.999 1.0
0.999 1.0
0.999 1.0
0.00105612 0.0
0.00100788 0.0
0.00125982 0.0
0.00100039 0.0
0.0012685 0.0
0.00120957 0.0
0.00100011 0.0
0.00114506 0.0
0.984644 1.0
0.00100732 0.0
0.00100414 0.0
0.998978 1.0
0.00135432 0.0
0.999 1.0
0.0010501 0.0
0.00100592 0.0
0.999 1.0
0.00136118 0.0
0.999 1.0
0.999 1.0
0.00100226 0.0
0.00100386 0.0
0.966901 1.0
0.00100385 0.0
0.00100075 0.0
0.00100026 0.0
0.999 1.0
0.00100471 0.0
0.00100025 0.0
0.00100113 0.0
0.00100161 0.0
0.0010119 0.0
0.999 1.0
0.00100009 0.0
0.999 1.0
0.998753 1.0
0.00100065 0.0
0.00193084 0.0
0.999 1.0
0.00100471 0.0
0.0010143 0.0
0.999 1.0
0.00100012 0.0
0.00102936 0.0
0.999 1.0
0.99899 1.0
0.730756 1.0
0.00100239 0.0
0.999 1.0
0.00102186 0.0
0.998985 1.0
0.999 1.0
0.999 1.0
0.0010042 0.0
0.999 1.0
0.001006 0.0
0.998999 1.0
0.00100002 0.0
0.00100072 0.0
0.999 1.0
0.00100026 0.0
0.00137333 0.0
0.00100438 0.0
0.966848 1.0
0.00100625 0.0
0.998997 1.0
0.0010005 0.0
0.999 1.0
0.00100025 0.0
0.00205634 0.0
0.998995 1.0
0.998995 1.0
0.0498284 0.0
0.653935 1.0
0.999 1.0
0.0010505 0.0
0.999 1.0
0.00100002 0.0
0.999 1.0
0.00104037 0.0
0.999 1.0
0.999 1.0
0.999 1.0
0.00100187 0.0
0.00100106 0.0
0.00100053 0.0
0.00101184 0.0
0.00100449 0.0
0.00100006 0.0
0.998933 1.0
0.999 1.0
0.00100518 0.0
0.999 1.0
0.00122186 0.0
0.00100116 0.0
0.999 1.0
0.00100386 0.0
0.00124319 0.0
0.637171 1.0
0.999 1.0
0.00100019 0.0
0.00100096 0.0
0.840704 1.0
0.00100065 0.0
0.00122754 0.0
0.461756 0.0
0.998939 1.0
0.0010001 0.0
0.00105 0.0
0.00100183 0.0
0.00105137 0.0
0.001 0.0
0.999 1.0
0.0011327 0.0
0.00100018 0.0
0.998992 1.0
0.00101153 0.0
0.999 1.0
0.00101088 0.0
0.00106314 0.0
0.00100001 0.0
0.998921 1.0
0.00118701 0.0
0.00102468 0.0
0.00100732 0.0
0.910253 1.0
0.00100004 0.0
0.999 1.0
0.00108868 0.0
0.998941 1.0
0.999 1.0
0.00100001 0.0
0.0010004 0.0
0.999 1.0
0.00100154 0.0
0.00100042 0.0
0.998999 1.0
0.00101375 0.0
0.998978 1.0
0.00100001 0.0
0.00100064 0.0
0.00100212 0.0
0.00101399 0.0
0.0132425 0.0
0.998944 1.0
0.997567 1.0
0.999 1.0
0.00100085 0.0
0.00100214 0.0
0.00100249 0.0
0.00111295 0.0
0.0010737 0.0
0.279267 0.0
0.00100025 0.0
0.999 1.0
0.00100897 0.0
0.00100015 0.0
0.00366485 0.0
0.00109788 0.0
0.00101165 0.0
0.00113716 0.0
0.00109222 0.0
0.00100043 0.0
0.999 1.0
0.999 1.0
0.001 0.0
0.00100266 0.0
0.00100003 0.0
0.00113282 0.0
0.978659 1.0
0.00100704 0.0
0.00112915 0.0
0.00100122 0.0
0.999 1.0
0.00152564 0.0
0.00103509 0.0
0.00105819 0.0
0.00100015 0.0
0.00149384 0.0
0.00104468 0.0
0.980618 1.0
0.00107392 0.0
0.999 1.0
0.00100002 0.0
0.999 1.0
0.0015208 0.0
0.0010584 0.0
0.00100002 0.0
0.999 1.0
0.997849 1.0
0.00102863 0.0
0.999 1.0
0.00100097 0.0
0.00102858 0.0
0.00100997 0.0
0.00189651 0.0
0.00100005 0.0
0.999 1.0
0.00100005 0.0
0.999 1.0
0.00102706 0.0
0.001 0.0
0.0010096 0.0
0.00100026 0.0
0.998556 1.0
0.00100005 0.0
0.0010001 0.0
0.00100006 0.0
0.00110257 0.0
0.00100964 0.0
0.00131371 0.0
0.00100513 0.0
0.00100339 0.0
0.00100096 0.0
0.00100013 0.0
0.00100331 0.0
0.00100178 0.0
0.999 1.0
0.998949 1.0
0.00101689 0.0
0.00152139 0.0
0.00100011 0.0
0.00108979 0.0
0.00350106 0.0
0.00114417 0.0
0.999 1.0
0.00106766 0.0
0.00101138 0.0
0.00100021 0.0
0.00100024 0.0
0.00100909 0.0
0.00100002 0.0
0.00100009 0.0
0.967847 1.0
0.99769 1.0
0.00100379 0.0
0.00100805 0.0
0.00117125 0.0
0.996675 1.0
0.001 0.0
0.999 1.0
0.00162479 0.0
0.00109077 0.0
0.00103144 0.0
0.00100591 0.0
0.00100065 0.0
0.00100043 0.0
0.999 1.0
0.999 1.0
0.999 1.0
0.00145696 0.0
0.00102151 0.0
0.998995 1.0
0.00100085 0.0
0.00100814 0.0
0.00100709 0.0
0.00100054 0.0
0.00120744 0.0
0.0010041 0.0
0.00101967 0.0
0.00100892 0.0
0.999 1.0
0.00159851 0.0
0.0504106 0.0
0.00321402 0.0
0.00733156 0.0
0.00100879 0.0
0.00100406 0.0
0.999 1.0
0.00100061 0.0
0.00114705 0.0
0.00107149 0.0
0.999 1.0
0.93512 1.0
0.00103927 0.0
0.39283 0.0
0.0010088 0.0
0.00100127 0.0
0.998985 1.0
0.145904 0.0
0.00102146 0.0
0.00100145 0.0
0.00101676 0.0
0.00100003 0.0
0.998999 1.0
0.00107237 0.0
0.00109673 0.0
0.999 1.0
0.999 1.0
0.00101008 0.0
0.00116838 0.0
0.999 1.0
0.00100016 0.0
0.00100014 0.0
0.00100447 0.0
0.001 0.0
0.999 1.0
0.999 1.0
0.00100569 0.0
0.00108672 0.0
0.00177102 0.0
0.00102985 0.0
0.999 1.0
0.999 1.0
