0.996000
0.999 1.0
0.00100001 0.0
0.00100212 0.0
0.997719 1.0
0.00100431 0.0
0.001 0.0
0.999 1.0
0.001 0.0
0.999 1.0
0.999 1.0
0.00100019 0.0
0.976097 1.0
0.999 1.0
0.00100029 0.0
0.999 1.0
0.999 1.0
0.999 1.0
0.999 1.0
0.001 0.0
0.998992 1.0
0.001 0.0
0.001 0.0
0.999 1.0
0.001 0.0
0.001 0.0
0.00100031 0.0
0.999 1.0
0.00100015 0.0
0.001 0.0
0.999 1.0
0.00100007 0.0
0.00100003 0.0
0.999 1.0
0.001 0.0
0.001 0.0
0.0025784 0.0
0.0010037 0.0
0.001 0.0
0.999 1.0
0.00100086 0.0
0.00101179 0.0
0.00140634 0.0
0.999 1.0
0.998999 1.0
0.999 1.0
0.00100023 0.0
0.00100006 0.0
0.998973 1.0
0.999 1.0
0.00100001 0.0
0.22876 0.0
0.00100008 0.0
0.999 1.0
0.998993 1.0
0.00104648 0.0
0.998785 1.0
0.001 0.0
0.00100005 0.0
0.00101027 0.0
0.999 1.0
0.268627 0.0
0.991077 1.0
0.00106495 0.0
0.999 1.0
0.0010001 0.0
0.923089 1.0
0.00100722 0.0
0.00100627 0.0
0.00100001 0.0
0.998999 1.0
0.158972 0.0
0.999 1.0
0.00100002 0.0
0.999 1.0
0.999 1.0
0.001 0.0
0.999 1.0
0.999 1.0
0.00100001 0.0
0.999 1.0
0.00100095 0.0
0.00119866 0.0
0.00100059 0.0
0.00100001 0.0
0.998879 1.0
0.00100001 0.0
0.998955 1.0
0.998998 1.0
0.00100002 0.0
0.999 1.0
0.999 1.0
0.999 1.0
0.999 1.0
0.999 1.0
0.00100005 0.0
0.00100182 0.0
0.00100004 0.0
0.998999 1.0
0.175496 0.0
0.999 1.0
0.998999 1.0
0.999 1.0
0.993696 1.0
0.998998 1.0
0.001 0.0
0.999 1.0
0.00100001 0.0
0.999 1.0
0.001 0.0
0.999 1.0
0.998132 1.0
0.0010006 0.0
0.999 1.0
0.00103155 0.0
0.00107015 0.0
0.001 0.0
0.00100002 0.0
0.00100073 0.0
0.00100395 0.0
0.999 1.0
0.999 1.0
0.00100004 0.0
0.999 1.0
0.0010005 0.0
0.999 1.0
0.00100033 0.0
0.999 1.0
0.079873 0.0
0.999 1.0
0.001 0.0
0.999 1.0
0.999 1.0
0.998992 1.0
0.999 1.0
0.999 1.0
0.999 1.0
0.00100001 0.0
0.999 1.0
0.001 0.0
0.999 1.0
0.00100192 0.0
0.998992 1.0
0.001 0.0
0.00100003 0.0
0.999 1.0
0.999 1.0
0.95019 1.0
0.00100002 0.0
0.999 1.0
0.0010802 0.0
0.998914 1.0
0.00119709 0.0
0.00100033 0.0
0.999 1.0
0.999 1.0
0.999 1.0
0.0370156 0.0
0.998807 1.0
0.999 1.0
0.0328447 0.0
0.00100008 0.0
0.00100008 0.0
0.999 1.0
0.00100001 0.0
0.00100011 0.0
0.001 0.0
0.00100009 0.0
0.999 1.0
0.999 1.0
0.00100318 0.0
0.00100004 0.0
0.999 1.0
0.00100001 0.0
0.999 1.0
0.999 1.0
0.00101629 0.0
0.00100009 0.0
0.999 1.0
0.998999 1.0
0.999 1.0
0.00100001 0.0
0.001 0.0
0.999 1.0
0.999 1.0
0.999 1.0
0.999 1.0
0.00100002 0.0
0.001 0.0
0.001 0.0
0.999 1.0
0.998892 1.0
0.998911 1.0
0.998996 1.0
0.001 0.0
0.00100003 0.0
0.999 1.0
0.001 0.0
0.999 1.0
0.999 1.0
0.999 1.0
0.999 1.0
0.001 0.0
0.999 1.0
0.00100036 0.0
0.999 1.0
0.001 0.0
0.999 1.0
0.00100388 0.0
0.999 1.0
0.00101333 0.0
0.999 1.0
0.998931 1.0
0.999 1.0
0.999 1.0
0.999 1.0
0.0017076 0.0
0.00100006 0.0
0.001 0.0
0.998944 1.0
0.999 1.0
0.999 1.0
0.998998 1.0
0.00100046 0.0
0.897614 1.0
0.999 1.0
0.999 1.0
0.999 1.0
0.998151 1.0
0.001 0.0
0.999 1.0
0.999 1.0
0.999 1.0
0.999 1.0
0.00100001 0.0
0.00100001 0.0
0.999 1.0
0.00109882 0.0
0.001 0.0
0.999 1.0
0.999 1.0
0.0010004 0.0
0.001 0.0
0.999 1.0
0.999 1.0
0.999 1.0
0.00100157 0.0
0.001 0.0
0.00140705 0.0
0.00100002 0.0
0.999 1.0
0.0010015 0.0
0.900183 1.0
0.00100003 0.0
0.999 1.0
0.001 0.0
0.516867 1.0
0.999 1.0
0.00100003 0.0
0.998999 1.0
0.0010005 0.0
0.00100627 0.0
0.999 1.0
0.0011945 0.0
0.999 1.0
0.999 1.0
0.001 0.0
0.999 1.0
0.001 0.0
0.0043366 0.0
0.001 0.0
0.0010065 0.0
0.999 1.0
0.627237 1.0
0.999 1.0
0.00100007 0.0
0.999 1.0
0.00100001 0.0
0.00100001 0.0
0.998999 1.0
0.996494 1.0
0.0245516 0.0
0.00101217 0.0
0.00102824 0.0
0.998998 1.0
0.00107958 0.0
0.00106671 0.0
0.999 1.0
0.00100611 0.0
0.998471 1.0
0.001 0.0
0.00100001 0.0
0.999 1.0
0.001 0.0
0.001 0.0
0.999 1.0
0.999 1.0
0.999 1.0
0.999 1.0
0.956148 1.0
0.999 1.0
0.998926 1.0
0.001 0.0
0.00100584 0.0
0.999 1.0
0.001 0.0
0.00102885 0.0
0.001 0.0
0.998384 1.0
0.999 1.0
0.00107539 0.0
0.00100015 0.0
0.00100004 0.0
0.00100001 0.0
0.998995 1.0
0.999 1.0
0.00100924 0.0
0.999 1.0
0.999 1.0
0.00100001 0.0
0.999 1.0
0.999 1.0
0.999 1.0
0.0010002 0.0
0.00100445 0.0
0.999 1.0
0.00100002 0.0
0.001 0.0
0.999 1.0
0.999 1.0
0.957821 1.0
0.998955 1.0
0.999 1.0
0.00100027 0.0
0.001 0.0
0.00100007 0.0
0.00100688 0.0
0.00100006 0.0
0.999 1.0
0.00100029 0.0
0.00100063 0.0
0.001 0.0
0.999 1.0
0.00100001 0.0
0.001 0.0
0.999 1.0
0.999 1.0
0.00100029 0.0
0.001 0.0
0.999 1.0
0.00100005 0.0
0.999 1.0
0.999 1.0
0.998999 1.0
0.00100017 0.0
0.998989 1.0
0.999 1.0
0.999 1.0
0.001 0.0
0.999 1.0
0.00100176 0.0
0.999 1.0
0.001 0.0
0.00100017 0.0
0.871899 1.0
0.999 1.0
0.00100003 0.0
0.999 1.0
0.001 0.0
0.999 1.0
0.00100002 0.0
0.001 0.0
0.999 1.0
0.001 0.0
0.00109924 0.0
0.00100006 0.0
0.999 1.0
0.001 0.0
0.00100002 0.0
0.00100002 0.0
0.999 1.0
0.00100001 0.0
0.995897 1.0
0.00100019 0.0
0.998999 1.0
0.00103354 0.0
0.999 1.0
0.999 1.0
0.999 1.0
0.999 1.0
0.999 1.0
0.999 1.0
0.00100001 0.0
0.999 1.0
0.999 1.0
0.998996 1.0
0.00115271 0.0
0.00100001 0.0
0.001 0.0
0.987569 1.0
0.00100006 0.0
0.00100002 0.0
0.00100001 0.0
0.999 1.0
0.999 1.0
0.999 1.0
0.001 0.0
0.001 0.0
0.963688 1.0
0.999 1.0
0.999 1.0
0.00100002 0.0
0.001 0.0
0.999 1.0
0.999 1.0
0.999 1.0
0.001 0.0
0.999 1.0
0.00100302 0.0
0.998846 1.0
0.0010001 0.0
0.999 1.0
0.001 0.0
0.00100034 0.0
0.00100001 0.0
0.001 0.0
0.999 1.0
0.00100016 0.0
0.999 1.0
0.00371946 0.0
0.00100691 0.0
0.999 1.0
0.999 1.0
0.999 1.0
0.00100014 0.0
0.00100003 0.0
0.999 1.0
0.00100001 0.0
0.999 1.0
0.999 1.0
0.999 1.0
0.00100126 0.0
0.001 0.0
0.001 0.0
0.00163129 0.0
0.999 1.0
0.00100642 0.0
0.999 1.0
0.001 0.0
0.865194 1.0
0.001 0.0
0.999 1.0
0.999 1.0
0.999 1.0
0.00100001 0.0
0.999 1.0
0.999 1.0
0.999 1.0
0.00100968 0.0
0.999 1.0
0.999 1.0
0.999 1.0
0.999 1.0
0.999 1.0
0.999 1.0
0.00100002 0.0
0.999 1.0
0.998443 1.0
0.998998 1.0
0.999 1.0
0.00100786 0.0
0.00100006 0.0
0.00100002 0.0
0.001 0.0
0.999 1.0
0.0440472 0.0
0.999 1.0
0.999 1.0
0.00100006 0.0
0.0010006 0.0
0.00100047 0.0
0.999 1.0
0.999 1.0
0.00101043 0.0
0.00100017 0.0
0.999 1.0
0.998998 1.0
0.0012209 0.0
0.001 0.0
0.00100002 0.0
0.999 1.0
0.999 1.0
0.999 1.0
0.00100005 0.0
0.00100002 0.0
0.00100004 0.0
0.999 1.0
0.001 0.0
0.00102881 0.0
0.00101776 0.0
0.999 1.0
