0.834000
0.001 0.0
0.001 0.0
0.001 0.0
0.001 0.0
0.999 1.0
0.999 1.0
0.97141 1.0
0.001 0.0
0.001 0.0
0.001 0.0
0.001 0.0
0.00100001 0.0
0.322088 0.0
0.001 0.0
0.001 0.0
0.001 0.0
0.0495532 0.0
0.001 0.0
0.001 0.0
0.001 0.0
0.001 0.0
0.001 0.0
0.001 0.0
0.001 0.0
0.999 1.0
0.00101471 0.0
0.0452515 0.0
0.001 0.0
0.96595 1.0
0.001 0.0
0.001 0.0
0.001 0.0
0.999 1.0
0.001 0.0
0.001 0.0
0.001 0.0
0.999 1.0
0.001 0.0
0.001 0.0
0.001 0.0
0.001 0.0
0.999 1.0
0.00100002 0.0
0.999 1.0
0.001 0.0
0.999 1.0
0.001 0.0
0.001 0.0
0.57562 1.0
0.999 1.0
0.998999 1.0
0.001 0.0
0.001 0.0
0.00126194 0.0
0.998941 1.0
0.001 0.0
0.001 0.0
0.001 0.0
0.001 0.0
0.999 1.0
0.001 0.0
0.001 0.0
0.001 0.0
0.999 1.0
0.154359 0.0
0.001 0.0
0.001 0.0
0.999 1.0
0.999 1.0
0.999 1.0
0.00310331 0.0
0.001 0.0
0.001 0.0
0.999 1.0
0.001 0.0
0.001 0.0
0.999 1.0
0.001 0.0
0.999 1.0
0.999 1.0
0.999 1.0
0.001 0.0
0.549451 1.0
0.00166052 0.0
0.999 1.0
0.001 0.0
0.998541 1.0
0.00100166 0.0
0.00100024 0.0
0.001 0.0
0.00153892 0.0
0.001 0.0
0.999 1.0
0.001 0.0
0.001 0.0
0.001 0.0
0.999 1.0
0.999 1.0
0.001 0.0
0.001 0.0
0.999 1.0
0.999 1.0
0.29139 0.0
0.001 0.0
0.998999 1.0
0.001 0.0
0.001 0.0
0.998981 1.0
0.999 1.0
0.001 0.0
0.001 0.0
0.001 0.0
0.001 0.0
0.001 0.0
0.001 0.0
0.001 0.0
0.001 0.0
0.001 0.0
0.998589 1.0
0.001 0.0
0.001 0.0
0.001 0.0
0.91352 1.0
0.001 0.0
0.00187422 0.0
0.00153214 0.0
0.001 0.0
0.999 1.0
0.001 0.0
0.001 0.0
0.00100008 0.0
0.001 0.0
0.001 0.0
0.998999 1.0
0.001 0.0
0.00183729 0.0
0.001 0.0
0.001 0.0
0.417442 0.0
0.999 1.0
0.998978 1.0
0.999 1.0
0.001 0.0
0.001 0.0
0.001 0.0
0.001 0.0
0.235155 0.0
0.00100016 0.0
0.999 1.0
0.001 0.0
0.001 0.0
0.999 1.0
0.001 0.0
0.001 0.0
0.001 0.0
0.00100002 0.0
0.001 0.0
0.001 0.0
0.001 0.0
0.001 0.0
0.001 0.0
0.001 0.0
0.001 0.0
0.998761 1.0
0.001 0.0
0.001 0.0
0.001 0.0
0.001 0.0
0.998991 1.0
0.001 0.0
0.001 0.0
0.001 0.0
0.0010011 0.0
0.999 1.0
0.001 0.0
0.01823 0.0
0.001 0.0
0.998995 1.0
0.001 0.0
0.00100004 0.0
0.001 0.0
0.001 0.0
0.001 0.0
0.999 1.0
0.998985 1.0
0.001 0.0
0.397093 0.0
0.001 0.0
0.001 0.0
0.001 0.0
0.001 0.0
0.001 0.0
0.001 0.0
0.001 0.0
0.999 1.0
0.001 0.0
0.001 0.0
0.999 1.0
0.001 0.0
0.001 0.0
0.00762294 0.0
0.001 0.0
0.001 0.0
0.998997 1.0
0.0327114 0.0
0.001 0.0
0.00100001 0.0
0.999 1.0
0.999 1.0
0.001 0.0
0.001 0.0
0.001 0.0
0.0010576 0.0
0.001 0.0
0.001 0.0
0.001 0.0
0.001 0.0
0.001 0.0
0.999 1.0
0.999 1.0
0.999 1.0
0.001 0.0
0.001 0.0
0.001 0.0
0.999 1.0
0.001 0.0
0.998804 1.0
0.999 1.0
0.001 0.0
0.998998 1.0
0.0021405 0.0
0.00100054 0.0
0.999 1.0
0.999 1.0
0.001 0.0
0.001 0.0
0.001 0.0
0.001 0.0
0.987479 1.0
0.001 0.0
0.999 1.0
0.001 0.0
0.001 0.0
0.001 0.0
0.001 0.0
0.001 0.0
0.001 0.0
0.001 0.0
0.001 0.0
0.001 0.0
0.001 0.0
0.001 0.0
0.001 0.0
0.001 0.0
0.998729 1.0
0.999 1.0
0.001 0.0
0.001 0.0
0.999 1.0
0.999 1.0
0.001 0.0
0.00100128 0.0
0.001 0.0
0.001 0.0
0.001 0.0
0.999 1.0
0.999 1.0
0.001 0.0
0.999 1.0
0.001 0.0
0.001 0.0
0.860779 1.0
0.99898 1.0
0.0010033 0.0
0.999 1.0
0.001 0.0
0.00100874 0.0
0.001 0.0
0.001 0.0
0.00100013 0.0
0.999 1.0
0.00100051 0.0
0.00288463 0.0
0.00100041 0.0
0.001 0.0
0.001 0.0
0.999 1.0
0.001 0.0
0.999 1.0
0.001 0.0
0.999 1.0
0.001 0.0
0.00108732 0.0
0.156371 0.0
0.001 0.0
0.001 0.0
0.001 0.0
0.001 0.0
0.001 0.0
0.001 0.0
0.001 0.0
0.001 0.0
0.00101417 0.0
0.001 0.0
0.00100189 0.0
0.00100006 0.0
0.995817 1.0
0.999 1.0
0.001 0.0
0.001 0.0
0.001 0.0
0.001 0.0
0.999 1.0
0.001 0.0
0.001 0.0
0.00100324 0.0
0.710537 1.0
0.001 0.0
0.001 0.0
0.001 0.0
0.001 0.0
0.998991 1.0
0.001 0.0
0.00101548 0.0
0.001 0.0
0.999 1.0
0.999 1.0
0.653875 1.0
0.001 0.0
0.001 0.0
0.001 0.0
0.001 0.0
0.001 0.0
0.00100181 0.0
0.001 0.0
0.001 0.0
0.999 1.0
0.001 0.0
0.00213056 0.0
0.001 0.0
0.00109285 0.0
0.001 0.0
0.001 0.0
0.001 0.0
0.001 0.0
0.998998 1.0
0.001 0.0
0.999 1.0
0.001 0.0
0.001 0.0
0.001 0.0
0.001 0.0
0.001 0.0
0.001 0.0
0.001 0.0
0.001 0.0
0.001 0.0
0.001 0.0
0.99881 1.0
0.001 0.0
0.999 1.0
0.001 0.0
0.0391181 0.0
0.0296087 0.0
0.999 1.0
0.001 0.0
0.999 1.0
0.001 0.0
0.001 0.0
0.999 1.0
0.999 1.0
0.999 1.0
0.001 0.0
0.001 0.0
0.999 1.0
0.998998 1.0
0.999 1.0
0.001 0.0
0.999 1.0
0.998998 1.0
0.00109391 0.0
0.999 1.0
0.001 0.0
0.001 0.0
0.998993 1.0
0.999 1.0
0.001 0.0
0.001 0.0
0.001 0.0
0.001 0.0
0.0200558 0.0
0.001 0.0
0.00284902 0.0
0.438802 0.0
0.999 1.0
0.001 0.0
0.001 0.0
0.001 0.0
0.999 1.0
0.001 0.0
0.001 0.0
0.999 1.0
0.001 0.0
0.001 0.0
0.001 0.0
0.999 1.0
0.001 0.0
0.001 0.0
0.001 0.0
0.999 1.0
0.001 0.0
0.001 0.0
0.999 1.0
0.00104175 0.0
0.001 0.0
0.001 0.0
0.001 0.0
0.261236 0.0
0.001 0.0
0.999 1.0
0.00100024 0.0
0.001 0.0
0.999 1.0
0.001 0.0
0.999 1.0
0.999 1.0
0.001 0.0
0.001 0.0
0.001 0.0
0.001 0.0
0.0012145 0.0
0.001 0.0
0.001 0.0
0.001 0.0
0.0191116 0.0
0.001 0.0
0.001 0.0
0.0916365 0.0
0.00100078 0.0
0.001 0.0
0.001 0.0
0.001 0.0
0.999 1.0
0.001 0.0
0.001 0.0
0.999 1.0
0.999 1.0
0.001 0.0
0.999 1.0
0.001 0.0
0.00467412 0.0
0.001 0.0
0.001 0.0
0.001 0.0
0.121172 0.0
0.001 0.0
0.001 0.0
0.999 1.0
0.001 0.0
0.001 0.0
0.001 0.0
0.001 0.0
0.001 0.0
0.999 1.0
0.001 0.0
0.001 0.0
0.001 0.0
0.999 1.0
0.001 0.0
0.001 0.0
0.001 0.0
0.00100022 0.0
0.001 0.0
0.999 1.0
0.001 0.0
0.914676 1.0
0.00100028 0.0
0.001 0.0
0.001 0.0
0.999 1.0
0.999 1.0
0.001 0.0
0.001 0.0
0.001 0.0
0.001 0.0
0.001 0.0
0.998998 1.0
0.00100001 0.0
0.001 0.0
0.001 0.0
0.001 0.0
0.00103281 0.0
0.001 0.0
0.001 0.0
0.999 1.0
0.999 1.0
0.999 1.0
0.999 1.0
0.001 0.0
0.001 0.0
