0.992000
0.00103044 0.0
0.998684 1.0
0.955235 1.0
0.001 0.0
0.00100001 0.0
0.001 0.0
0.706697 1.0
0.957116 1.0
0.998656 1.0
0.155619 0.0
0.001 0.0
0.001 0.0
0.998973 1.0
0.00103734 0.0
0.0159805 0.0
0.001 0.0
0.00101788 0.0
0.001 0.0
0.9988 1.0
0.001 0.0
0.0198548 0.0
0.00138741 0.0
0.00156686 0.0
0.001 0.0
0.856773 1.0
0.998566 1.0
0.001 0.0
0.998875 1.0
0.998978 1.0
0.001 0.0
0.001 0.0
0.00213043 0.0
0.001 0.0
0.001 0.0
0.00100004 0.0
0.00100003 0.0
0.998793 1.0
0.0748071 0.0
0.0010116 0.0
0.001024 0.0
0.00100002 0.0
0.00230218 0.0
0.001 0.0
0.998754 1.0
0.001 0.0
0.998845 1.0
0.975963 1.0
0.00100036 0.0
0.00922841 0.0
0.00100047 0.0
0.998976 1.0
0.996947 1.0
0.997777 1.0
0.001 0.0
0.001 0.0
0.0010437 0.0
0.001 0.0
0.00122132 0.0
0.0729438 0.0
0.998978 1.0
0.0326409 0.0
0.808853 1.0
0.997944 1.0
0.00196443 0.0
0.762266 1.0
0.00107229 0.0
0.001 0.0
0.518716 1.0
0.998765 1.0
0.001 0.0
0.00100542 0.0
0.001 0.0
0.998661 1.0
0.00120011 0.0
0.0811285 0.0
0.00100002 0.0
0.997558 1.0
0.00100003 0.0
0.001112 0.0
0.00100018 0.0
0.00100002 0.0
0.0100071 0.0
0.998539 1.0
0.00114179 0.0
0.00100511 0.0
0.00152772 0.0
0.00100028 0.0
0.0012189 0.0
0.993514 1.0
0.001 0.0
0.0425068 0.0
0.998886 1.0
0.955707 1.0
0.001 0.0
0.99895 1.0
0.001 0.0
0.214073 0.0
0.00137925 0.0
0.998965 1.0
0.996969 1.0
0.001 0.0
0.998684 1.0
0.0496581 0.0
0.001 0.0
0.995175 1.0
0.99831 1.0
0.001 0.0
0.980512 1.0
0.998901 1.0
0.00100532 0.0
0.00830144 0.0
0.001 0.0
0.128166 0.0
0.00100098 0.0
0.998598 1.0
0.00100154 0.0
0.998879 1.0
0.99896 1.0
0.00100001 0.0
0.940164 1.0
0.0611711 0.0
0.998852 1.0
0.001 0.0
0.998785 1.0
0.998901 1.0
0.296665 0.0
0.997229 1.0
0.127193 0.0
0.001 0.0
0.00100001 0.0
0.992275 1.0
0.998945 1.0
0.998924 1.0
0.00104535 0.0
0.00100029 0.0
0.100566 0.0
0.001 0.0
0.998909 1.0
0.001 0.0
0.998903 1.0
0.897524 1.0
0.998974 1.0
0.00105975 0.0
0.00684356 0.0
0.102157 0.0
0.998789 1.0
0.998906 1.0
0.0544056 0.0
0.001 0.0
0.00114497 0.0
0.998932 1.0
0.00108116 0.0
0.104789 0.0
0.001 0.0
0.001 0.0
0.998962 1.0
0.996613 1.0
0.001 0.0
0.001 0.0
0.00125476 0.0
0.109589 0.0
0.00124958 0.0
0.251467 0.0
0.00101607 0.0
0.998949 1.0
0.001 0.0
0.00101042 0.0
0.998935 1.0
0.001 0.0
0.001 0.0
0.001 0.0
0.986784 1.0
0.998308 1.0
0.0105969 0.0
0.22891 0.0
0.996625 1.0
0.001 0.0
0.998976 1.0
0.395862 0.0
0.0057079 0.0
0.25589 0.0
0.0114551 0.0
0.940759 1.0
0.001 0.0
0.00347327 0.0
0.001 0.0
0.998978 1.0
0.998973 1.0
0.00100002 0.0
0.117362 0.0
0.998853 1.0
0.993013 1.0
0.0389058 0.0
0.0129761 0.0
0.001 0.0
0.998794 1.0
0.0256824 0.0
0.00100021 0.0
0.00100617 0.0
0.001 0.0
0.00100001 0.0
0.00100123 0.0
0.001 0.0
0.0809494 0.0
0.00100003 0.0
0.983391 1.0
0.001 0.0
0.001 0.0
0.988252 1.0
0.001 0.0
0.00254994 0.0
0.998973 1.0
0.994549 1.0
0.00107068 0.0
0.0158434 0.0
0.998974 1.0
0.00103511 0.0
0.001 0.0
0.00100198 0.0
0.998778 1.0
0.998975 1.0
0.998652 1.0
0.00168037 0.0
0.998466 1.0
0.00107709 0.0
0.998632 1.0
0.00103124 0.0
0.00100008 0.0
0.001 0.0
0.99897 1.0
0.998974 1.0
0.0134176 0.0
0.00943831 0.0
0.99894 1.0
0.001 0.0
0.0010461 0.0
0.998597 1.0
0.001 0.0
0.00100054 0.0
0.0010013 0.0
0.00100076 0.0
0.998949 1.0
0.956671 1.0
0.998961 1.0
0.001 0.0
0.998867 1.0
0.0468268 0.0
0.039029 0.0
0.001 0.0
0.00100001 0.0
0.0517382 0.0
0.921794 1.0
0.0115608 0.0
0.996393 1.0
0.001 0.0
0.00151026 0.0
0.001 0.0
0.996658 1.0
0.001 0.0
0.998953 1.0
0.00100813 0.0
0.998978 1.0
0.001 0.0
0.997726 1.0
0.00124325 0.0
0.001 0.0
0.00100001 0.0
0.00100002 0.0
0.997168 1.0
0.998978 1.0
0.001 0.0
0.001 0.0
0.00100001 0.0
0.001 0.0
0.001 0.0
0.001 0.0
0.719104 1.0
0.001 0.0
0.00222879 0.0
0.998757 1.0
0.001 0.0
0.998134 1.0
0.001 0.0
0.00101307 0.0
0.00100027 0.0
0.00100064 0.0
0.900069 1.0
0.998708 1.0
0.992138 1.0
0.998568 1.0
0.997671 1.0
0.00137045 0.0
0.976797 1.0
0.001 0.0
0.60632 1.0
0.00224821 0.0
0.516847 1.0
0.998718 1.0
0.369298 0.0
0.998975 1.0
0.0873403 0.0
0.998821 1.0
0.954098 1.0
0.998789 1.0
0.15188 0.0
0.00101853 0.0
0.00149406 0.0
0.00212396 0.0
0.001 0.0
0.00107025 0.0
0.00100369 0.0
0.001 0.0
0.0382008 0.0
0.001 0.0
0.0263814 0.0
0.796374 1.0
0.998975 1.0
0.00100181 0.0
0.001 0.0
0.701383 1.0
0.00100027 0.0
0.001 0.0
0.001 0.0
0.963551 1.0
0.996387 1.0
0.00663022 0.0
0.00268943 0.0
0.00100084 0.0
0.001 0.0
0.00100004 0.0
0.998108 1.0
0.00100006 0.0
0.998976 1.0
0.001 0.0
0.00100647 0.0
0.00100068 0.0
0.987264 1.0
0.001 0.0
0.00102896 0.0
0.998976 1.0
0.001 0.0
0.00100045 0.0
0.957565 1.0
0.987245 1.0
0.953895 1.0
0.001 0.0
0.00100013 0.0
0.998972 1.0
0.958636 1.0
0.00342829 0.0
0.99846 1.0
0.001 0.0
0.998573 1.0
0.94996 1.0
0.00114943 0.0
0.998897 1.0
0.001 0.0
0.001 0.0
0.00100001 0.0
0.692982 1.0
0.796309 1.0
0.001 0.0
0.998754 1.0
0.00132593 0.0
0.00101321 0.0
0.998878 1.0
0.741717 1.0
0.00100146 0.0
0.001 0.0
0.99878 1.0
0.998106 1.0
0.998966 1.0
0.998973 1.0
0.001 0.0
0.00100532 0.0
0.998978 1.0
0.00526467 0.0
0.998975 1.0
0.956778 1.0
0.00674753 0.0
0.828532 1.0
0.00100006 0.0
0.001 0.0
0.001 0.0
0.00101018 0.0
0.998298 1.0
0.868053 1.0
0.00106162 0.0
0.998976 1.0
0.99817 1.0
0.861992 1.0
0.689659 1.0
0.00100353 0.0
0.924811 1.0
0.001 0.0
0.998958 1.0
0.001 0.0
0.997903 1.0
0.00100052 0.0
0.998573 1.0
0.0149374 0.0
0.001 0.0
0.001 0.0
0.989612 1.0
0.00184967 0.0
0.910717 1.0
0.998975 1.0
0.99686 1.0
0.99843 1.0
0.998966 1.0
0.001 0.0
0.998971 1.0
0.756348 1.0
0.001 0.0
0.3563 0.0
0.00102855 0.0
0.001 0.0
0.001 0.0
0.001 0.0
0.001 0.0
0.0062507 0.0
0.00100001 0.0
0.001 0.0
0.001 0.0
0.997359 1.0
0.998975 1.0
0.001 0.0
0.0010116 0.0
0.998957 1.0
0.001 0.0
0.00781515 0.0
0.001 0.0
0.00100651 0.0
0.998878 1.0
0.998782 1.0
0.0138435 0.0
0.00339325 0.0
0.001 0.0
0.0202284 0.0
0.00118729 0.0
0.00100831 0.0
0.001 0.0
0.001 0.0
0.998954 1.0
0.96135 1.0
0.001 0.0
0.99896 1.0
0.0349528 0.0
0.998977 1.0
0.001 0.0
0.988285 1.0
0.190233 0.0
0.631239 1.0
0.0010976 0.0
0.996938 1.0
0.99834 1.0
0.001 0.0
0.604127 1.0
0.997049 1.0
0.00100004 0.0
0.00113226 0.0
0.998977 1.0
0.998951 1.0
0.00100011 0.0
0.998976 1.0
0.00606705 0.0
0.998055 1.0
0.00159098 0.0
0.00100144 0.0
0.00100006 0.0
0.998972 1.0
0.00255867 0.0
0.001 0.0
0.0010002 0.0
0.998274 1.0
0.52819 1.0
0.998876 1.0
0.00100004 0.0
0.00100227 0.0
0.00443826 0.0
0.0464184 0.0
0.00100015 0.0
0.001 0.0
0.001 0.0
0.998056 1.0
0.001 0.0
0.001 0.0
0.00100199 0.0
0.289003 0.0
0.00100073 0.0
0.00307731 0.0
0.001 0.0
0.001 0.0
0.001 0.0
0.998961 1.0
0.998781 1.0
0.00112894 0.0
0.00135999 0.0
0.001 0.0
0.998974 1.0
